# UPDATED 20180327

#X                  , total  , push/pop  ,  load/store   ,   mov(w)   ,   vm+other
4                   , 129.7  ,      8.7  ,        80.5   ,      2.4   ,       38.1 
5                   , 113.0  ,      7.8  ,        64.0   ,      3.8   ,       37.5 
6                   ,  98.7  ,      6.7  ,        50.3   ,      4.7   ,       37.0 
7                   ,  88.4  ,      6.4  ,        40.2   ,      4.9   ,       37.0 
8                   ,  80.1  ,      5.7  ,        31.6   ,      5.8   ,       36.9 
9                   ,  74.6  ,      5.5  ,        25.6   ,      6.7   ,       36.9 
10                  ,  68.7  ,      4.9  ,        20.1   ,      6.8   ,       36.9 
11                  ,  67.0  ,      4.3  ,        18.9   ,      6.9   ,       36.9 
