Updated 20180410

SIZE OVERHEAD                      byt (%C)   byt (%C)   byt (%C)   byt (%C)   byt (%C)   byt (%C)   byt (%C)   byt (%C)   byt (%C)   byt (%C)   byt (%C)   byt (%C)   byt (%C)                      
BENCHMARK x                        bsort16    hsort16  binsrch16      xxtea        md5        rc5      fft16 outlier16u        lec     coremk  motetrack heat_calib heat_detect                      
0BASE_R___P__C0_A0_S0_G1_NOLW_BASE
   total                             449.2      298.0      208.2      287.2      166.0      239.3       94.9      316.3      186.4      159.4      255.0       26.2      238.5                 225.0
   push/pop                          159.3       99.3       71.2      140.6      110.7      108.6       47.7       92.6       60.7       69.6       78.1       31.7       93.9                  89.5
   load/store                        128.8       65.8       76.7       68.9       40.8       56.5       20.3      103.2       71.4       51.6       75.9       22.6       56.4                  64.5
   mov(w)                              1.7       17.4        9.6       10.1       -3.6        0.0        2.5       14.7        5.7       -3.1       24.1      -14.3       15.1                   6.1
   other                             159.3      115.4       50.7       67.6       18.0       74.3       24.5      105.8       48.6       41.2       76.9      -13.8       73.1                  64.7
0BASE_R___P__C0_A0_S0_G1_NOLW
   total                             254.2      239.6      182.2      163.0      211.9      349.5       99.4      268.9      190.7      128.2      227.3       26.2      225.8                 197.5
   push/pop                           71.2       80.5       60.3      103.7      133.3      165.3       52.6       86.3       63.6       55.2       72.8       31.7       83.3                  81.5
   load/store                         88.1       73.8       74.0       28.4       56.7       67.9       19.7      101.1       72.9       45.8       68.2       22.6       60.1                  59.9
   mov(w)                             10.2        9.4        4.1        2.6       -1.0        2.2        4.3        4.7        5.7       -3.4       19.6      -14.3       16.2                   4.6
   other                              84.7       75.8       43.8       28.2       22.9      114.1       22.8       76.8       48.6       30.5       66.7      -13.8       66.2                  51.3
1PEEP_R___P__C0_A0_S0_G1_NOLW
   total                             186.4      186.6      137.0      124.7      162.5      287.0       67.2      191.1      156.8      103.5      199.9       12.6      176.0                 153.2
   push/pop                          -16.9       10.7        0.0       57.1       70.8       88.4       10.5      -12.6       20.7       23.8       36.8       14.4       18.2                  24.8
   load/store                         88.1       73.8       74.0       28.4       56.7       67.9       19.7      101.1       72.9       45.8       68.2       22.6       60.1                  59.9
   mov(w)                             30.5       26.8       19.2       11.0       12.0       16.7       14.2       27.4       14.6        3.5       28.3      -10.7       31.8                  17.3
   other                              84.7       75.2       43.8       28.2       22.9      114.1       22.8       75.3       48.6       30.4       66.7      -13.8       65.8                  51.1
2SMPL_R11_P__C0_A0_S0_G1_NOLW
   total                             161.0      160.4      112.3       65.3       77.1      175.8       46.3      160.5      117.1       75.9      173.2        0.0      137.7                 112.5
   push/pop                          -16.9        5.4       -5.5        5.5       -0.3       -2.6        1.9      -16.8       -7.9        1.6       16.6        3.9       -7.6                  -1.7
   load/store                         88.1       73.8       74.0       28.4       56.7       67.9       19.7      101.1       72.9       45.8       68.2       22.6       60.1                  59.9
   mov(w)                              5.1        6.0        0.0        3.2       -2.2       -3.5        2.0        1.1        3.6       -1.6       21.8      -12.7       19.6                   3.3
   other                              84.7       75.2       43.8       28.2       22.9      114.1       22.8       75.3       48.6       30.1       66.6      -13.9       65.5                  51.1
3POPD_R11_P__C0_A0_S0_G1_NOLW
   total                             144.1      130.9      105.5       59.1       58.4      157.1       32.8      155.3       98.6       66.0      146.5       -8.1      117.0                  97.2
   push/pop                            3.4       13.4        0.0        5.5       -0.2       -0.9        1.9       -4.2       -7.9        2.3       14.1        2.7       -7.0                   1.8
   load/store                         54.2       41.6       63.0       22.9       40.7       49.5        6.7       83.2       53.6       35.8       49.7       15.8       47.0                  43.4
   mov(w)                              5.1        6.0        0.0        2.8       -3.8       -4.6        1.9        1.1        4.3       -1.6       20.4      -12.8       16.2                   2.7
   other                              81.4       69.8       42.5       27.9       21.7      113.2       22.4       75.3       48.6       29.4       62.4      -13.9       60.9                  49.4
4MARK_R11_P6_C0_A0_S0_G1_NOLW
   total                             145.8      130.9      127.4       65.0       57.2      154.5       28.6      138.9      101.1       64.5      137.8       -9.4      105.6                  96.0
   push/pop                           23.7       26.8       27.4       16.6        0.0        9.7        4.3       -2.1       -2.1        7.8       18.4        7.6       -5.5                  10.2
   load/store                         33.9       21.5       49.3       15.4       37.3       27.9       -2.3       58.9       45.0       25.5       38.4        6.4       37.7                  30.4
   mov(w)                              8.5       12.8        8.2        5.1       -3.0        2.9        4.3        6.8        9.6        1.7       19.6       -9.5       15.2                   6.3
   other                              79.7       69.8       42.5       27.9       22.9      114.1       22.3       75.3       48.6       29.5       61.4      -13.9       58.2                  49.1
4MARK_R11_P6_C1_A0_S0_G1_NOLW
   total                             145.8      124.8      120.5       66.7       60.0      138.5       24.0      136.3       99.3       63.0      137.8      -11.1      105.5                  93.2
   push/pop                           23.7       24.2       27.4       15.5        0.0        9.7        4.3       -2.1       -2.1        7.8       18.4        7.6       -5.7                   9.9
   load/store                         33.9       21.5       49.3       15.4       37.4       25.3       -2.3       58.9       45.0       25.5       38.4        6.4       37.7                  30.2
   mov(w)                              8.5       12.8        8.2        4.9       -1.9       13.2        4.3        6.8        9.6        2.1       19.6       -9.6       15.2                   7.2
   other                              79.7       66.4       35.6       30.9       24.5       90.3       17.6       72.6       46.8       27.6       61.4      -15.5       58.2                  45.9
4MARK_R11_P7_C1_A1_S0_G1_NOLW
   total                             118.6      102.0      112.3       55.1       54.9      121.8       12.4      110.5       88.6       55.6      120.9      -13.3       94.8                  79.6
   push/pop                           23.7       24.2       27.4       13.3        0.0        6.2        6.8       -2.1       -5.0        6.1       18.2        6.4       -3.9                   9.3
   load/store                         33.9       21.5       49.3       14.8       37.2       25.3       -2.6       57.9       45.0       25.4       38.2        6.4       37.5                  30.0
   mov(w)                              1.7        7.4        6.8        2.5       -2.4       11.9        0.5        1.1        7.1        0.2       15.6      -10.5       13.2                   4.2
   other                              59.3       49.0       28.8       24.4       20.1       78.5        7.7       53.7       41.4       24.0       48.8      -15.5       47.9                  36.0
4MARK_R11_P7_C1_A1_S1_G1_NOLW
   total                             118.6      102.0      112.3       55.1       54.9      121.8        2.5      110.5       88.6       52.2      120.9      -13.3       94.8                  78.5
   push/pop                           23.7       24.2       27.4       13.3        0.0        6.2        1.9       -2.1       -5.0        4.0       18.2        6.4       -3.9                   8.8
   load/store                         33.9       21.5       49.3       14.8       37.2       25.3       -2.6       57.9       45.0       25.4       38.2        6.4       37.5                  30.0
   mov(w)                              1.7        7.4        6.8        2.5       -2.4       11.9       -0.8        1.1        7.1       -0.2       15.6      -10.5       13.2                   4.1
   other                              59.3       49.0       28.8       24.4       20.1       78.5        4.0       53.7       41.4       22.9       48.8      -15.5       47.9                  35.6
4MARK_R11_P7_C1_A1_S1_G1
   total                             118.6      100.0      112.3       55.1       54.9      121.8        2.5      110.5       88.6       46.7      117.1      -17.2       95.4                  77.4
   push/pop                           23.7       16.1       27.4       13.3        0.0        6.2        1.9       -2.1       -5.0        1.7       16.3        3.9       -3.1                   7.7
   load/store                         33.9       41.6       49.3       14.8       37.2       25.3       -2.6       57.9       45.0       30.1       40.9        8.0       37.6                  32.2
   mov(w)                              1.7        6.7        6.8        2.5       -2.4       11.9       -0.8        1.1        7.1       -0.2       15.4      -10.7       13.3                   4.0
   other                              59.3       35.6       28.8       24.4       20.1       78.5        4.0       53.7       41.4       15.1       44.5      -18.4       47.6                  33.4
