Updated 20180409

BENCHMARK x                             bsort16    hsort16  binsrch16      xxtea        md5        rc5      fft16 outlier16u        lec     coremk  motetrack heat_calib heat_detect                      

0BASE_R___P__C0_A0_S0_G1_NOLW_BASE       1277.1     1927.2     1319.4      714.5      470.6      409.9      437.8      549.0      885.3      809.7     1018.7      210.2       203.9                 787.2
0BASE_R___P__C0_A0_S0_G1_NOLW             663.9      693.2      475.8      250.4      226.4      124.3      122.8      492.5      272.6      376.0      790.8      210.2       205.6                 377.3
0BASE_R___P__C0_A0_S0_G1                  663.9      496.3      475.8      250.4      226.4      124.3      122.8      492.5      272.6      312.2      403.5      181.7       205.2                 325.2
1PEEP_R___P__C0_A0_S0_G1                  430.4      338.6      326.4      190.1      178.2      101.2       86.3      305.6      218.4      253.9      342.4      146.5       150.8                 236.1
2SMPL_R11_P__C0_A0_S0_G1                  390.4      282.6      269.1       91.7      120.2       61.4       70.1      277.8      150.7      211.0      279.9      104.3       126.5                 187.4
3POPD_R11_P__C0_A0_S0_G1                  257.3      189.3      201.7       84.9      107.3       52.6       59.4      226.8      121.9      184.9      231.6       88.8       111.1                 147.5
4MARK_R11_P6_C0_A0_S0_G1                  154.4      137.8      116.3       89.9       96.4       44.6       51.5      111.9      103.9      144.8      176.0       49.4        82.4                 104.6
4MARK_R11_P6_C1_A0_S0_G1                  154.4      123.3       80.9       71.5       51.2       23.7       47.7      111.9       94.3      134.8      176.0       32.2        79.2                  90.9
4MARK_R11_P7_C1_A1_S0_G1                  101.2       88.5       65.2       57.6       45.7       19.5       44.9       75.7       84.6       95.5      156.3       30.5        70.2                  72.0
4MARK_R11_P7_C1_A1_S1_G1                  101.2       88.5       65.2       57.6       45.7       19.5       17.7       75.7       84.6       58.9      156.3       30.5        70.2                  67.0
