Updated 20180301

BENCHMARK x              bsort16    hsort16  binsrch16      xxtea        md5        rc5      fft16 outlier16u        lec     coremk  motetrack heat_calib heat_detect                      
0BASE_R___P__C0_A0_S0_G1   663.9      496.3      475.8      250.4      226.4      124.3      122.8      492.5      278.6      350.3      403.5      181.7      202.2                 328.4
1PEEP_R___P__C0_A0_S0_G1   430.4      338.6      326.4      190.1      178.2      101.2       86.3      305.6      220.8      292.0      342.4      146.5      147.7                 238.9
2SMPL_R11_P__C0_A0_S0_G1   390.4      282.6      269.1       91.7      120.2       61.4       70.1      277.8      152.5      249.9      279.9      104.3      122.9                 190.2
3POPD_R11_P__C0_A0_S0_G1   257.3      189.3      201.7       84.9      107.3       52.6       59.4      226.8      123.7      223.9      231.6       88.8      111.3                 150.7
4MARK_R11_P6_C0_A0_S0_G1   154.4      137.8      116.3       89.9       96.4       44.6       51.5      111.9      105.7      183.9      176.0       49.4       87.1                 108.1
4MARK_R11_P6_C1_A0_S0_G1   154.4      123.3       80.9       71.5       51.2       23.7       47.7      111.9       96.1      173.7      176.0       32.2       83.0                  94.3
4MARK_R11_P7_C1_A1_S0_G1   101.2       88.5       65.2       57.6       45.7       19.5       44.9       75.7       86.5      134.7      156.3       30.5       73.4                  75.4
4MARK_R11_P7_C1_A1_S1_G1   101.2       88.5       65.2       57.6       45.7       19.5       17.7       75.7       86.5       98.1      156.3       30.5       73.4                  70.5
