Updated 20180410

PERF OVERHEAD                        cyc (%C)   cyc (%C)   cyc (%C)   cyc (%C)   cyc (%C)   cyc (%C)   cyc (%C)   cyc (%C)   cyc (%C)   cyc (%C)   cyc (%C)   cyc (%C)   cyc (%C)                      
BENCHMARK x                          bsort16    hsort16  binsrch16      xxtea        md5        rc5      fft16 outlier16u        lec     coremk  motetrack heat_calib heat_detect                      
0BASE_R___P__C0_A0_S0_G1_NOLW_BASE
   total                              1277.1     1927.2     1319.4      714.5      470.6      409.9      437.8      549.0      885.3      809.7     1018.7      210.2      203.9                 787.2
   push/pop                            640.1      356.7      233.7      197.2      115.7       70.1       66.6      207.2      106.6      220.4      166.5       80.9       78.8                 195.4
   load/store                          360.1      197.4      175.3       67.0       46.7       33.2       29.3      190.3      110.7      136.8      218.2       67.6       43.8                 129.0
   mov(w)                               10.0       41.1        8.4        6.6        3.6        0.1        5.2       21.5        5.1        5.5       38.6       -3.0        9.5                  11.7
   vm                                    0.0     1000.6        0.0      361.1      200.4      238.7      260.0       -0.1      292.2      212.9      375.4       27.3        6.2                 228.8
   other                               266.9      331.4      902.1       82.8      104.0       67.8       76.8      130.1      370.6      234.2      220.0       37.4       65.6                 222.3
0BASE_R___P__C0_A0_S0_G1_NOLW
   total                               663.9      693.2      475.8      250.4      226.4      124.3      122.8      492.5      272.6      376.0      790.8      210.2      205.6                 377.3
   push/pop                            266.9      200.8      202.2      166.4      105.3       61.9       57.2      205.5      105.6      123.8      137.7       80.9       77.5                 137.8
   load/store                          240.3      177.5      191.0       42.5       43.9       28.5       25.2      190.4      111.7       89.2      165.3       67.6       47.6                 109.3
   mov(w)                               23.3       14.8        4.5        3.9        2.6       -1.2        4.2        8.0        5.1        5.3       17.6       -3.0       10.9                   7.4
   vm                                    0.0      181.7        0.0        0.0        0.0        0.0        0.0       -0.1        1.1       60.0      375.4       27.3        6.2                  50.1
   other                               133.5      118.4       78.1       37.7       74.6       35.1       36.2       88.8       49.0       97.7       94.8       37.4       63.4                  72.7
1PEEP_R___P__C0_A0_S0_G1_NOLW
   total                               430.4      535.5      326.4      190.1      178.2      101.2       86.3      305.6      218.4      317.2      730.6      175.0      151.1                 288.2
   push/pop                              0.0       22.2       31.5      100.2       51.4       36.4       16.0        0.7       45.1       57.8       69.1       42.7       16.3                  37.6
   load/store                          240.3      177.5      191.0       42.5       43.9       28.5       25.2      190.4      111.7       89.2      165.3       67.6       47.6                 109.3
   mov(w)                               56.6       37.2       25.8        9.7        8.3        1.3        8.8       29.3       11.4       12.6       26.1        0.0       18.3                  18.9
   vm                                    0.0      181.7        0.0        0.0        0.0        0.0        0.0       -0.1        1.1       60.0      375.4       27.3        6.2                  50.1
   other                               133.5      117.0       78.1       37.7       74.6       35.1       36.2       85.3       49.0       97.7       94.8       37.4       62.8                  72.2
2SMPL_R11_P__C0_A0_S0_G1_NOLW
   total                               390.4      479.5      269.1       91.7      120.2       61.4       70.1      277.8      150.7      276.5      667.5      133.6      126.9                 239.6
   push/pop                              0.0       -5.6        0.0        7.6        0.0        0.0        4.0       -0.2      -13.7       21.7       13.0        6.4        0.6                   2.6
   load/store                          240.3      177.5      191.0       42.5       43.9       28.5       25.2      190.4      111.7       89.2      165.3       67.6       47.6                 109.3
   mov(w)                               16.6        8.9        0.0        3.8        1.7       -2.1        4.6        2.4        2.5        8.2       19.1       -4.3        9.8                   5.5
   vm                                    0.0      181.7        0.0        0.0        0.0        0.0        0.0       -0.1        1.1       60.0      375.4       27.3        6.2                  50.1
   other                               133.5      117.0       78.1       37.7       74.6       35.1       36.2       85.3       49.0       97.4       94.8       36.6       62.7                  72.2
3POPD_R11_P__C0_A0_S0_G1_NOLW
   total                               257.3      394.6      201.7       84.9      107.3       52.6       59.4      226.8      121.9      252.0      626.0      118.2      111.4                 201.1
   push/pop                              0.0        2.8        0.0        7.6        0.0        0.0        4.0       -0.2      -13.7       14.3       13.3        5.2        0.7                   2.6
   load/store                          107.2       85.2      128.1       36.6       31.9       20.0       15.2      139.3       83.0       72.4      123.8       53.3       37.1                  71.8
   mov(w)                               16.6        8.9        0.0        2.9        1.2       -2.4        4.0        2.4        2.5        8.2       19.0       -4.2        8.0                   5.2
   vm                                    0.0      181.7        0.0        0.0        0.0        0.0        0.0       -0.1        1.1       60.0      375.4       27.3        6.2                  50.1
   other                               133.5      116.1       73.6       37.7       74.2       35.0       36.2       85.3       49.0       97.1       94.5       36.6       59.5                  71.4
4MARK_R11_P6_C0_A0_S0_G1_NOLW
   total                               154.4      347.8      116.3       89.9       96.4       44.6       51.5      111.9      103.9      212.0      571.7       80.0       82.8                 158.7
   push/pop                              0.0       13.9        0.0       45.0        0.1        5.0        6.0       -0.2       -9.7       24.1       14.9        9.2        3.3                   8.6
   load/store                            1.0       17.8       27.0       -0.4       20.4        4.7        3.4       14.4       54.3       16.2       70.7        1.1       13.8                  18.8
   mov(w)                               23.3       18.5       15.7        7.6        1.4       -0.2        5.9       12.5        9.2       14.6       20.7        5.7        6.1                  10.8
   vm                                    0.0      181.7        0.0        0.0        0.0        0.0        0.0       -0.1        1.1       60.0      375.3       27.3        6.2                  50.1
   other                               130.1      116.1       73.6       37.7       74.6       35.1       36.2       85.3       49.0       97.1       90.2       36.6       53.3                  70.4
4MARK_R11_P6_C1_A0_S0_G1_NOLW
   total                               154.4      330.7       80.9       71.5       51.2       23.7       47.7      111.9       94.3      201.9      571.7       62.8       79.5                 144.8
   push/pop                              0.0       11.1        0.0       41.3        0.1        5.0        6.0       -0.2       -9.7       24.1       14.9        9.2        2.6                   8.0
   load/store                            1.0       17.8       27.0       -0.4       20.4        4.3        3.4       14.4       54.3       16.2       70.7        1.1       13.8                  18.8
   mov(w)                               23.3       18.5       15.7        7.5        2.6        0.5        5.9       12.5        9.2       14.7       20.7        5.7        6.1                  11.0
   vm                                    0.0      181.7        0.0        0.0        0.0        0.0        0.0       -0.1        1.1       60.0      375.3       27.3        6.2                  50.1
   other                               130.1      101.7       38.2       23.1       28.1       13.8       32.5       85.3       39.4       87.0       90.2       19.4       50.7                  56.9
4MARK_R11_P7_C1_A1_S0_G1_NOLW
   total                               101.2      295.8       65.2       57.6       45.7       19.5       44.9       75.7       84.6      163.0      552.0       61.1       70.5                 125.9
   push/pop                              0.0       11.1        0.0       37.4        0.1        2.9       10.1       -0.2      -13.7       20.7       14.9        8.0        1.7                   7.2
   load/store                            1.0       17.8       27.0       -2.3       20.3        4.3        2.4        4.5       54.3       14.7       70.3        1.1       13.5                  17.6
   mov(w)                               10.0        9.9       11.8        5.6        1.5        0.1        3.9        6.8        7.4       10.6       16.1        5.2        4.4                   7.2
   vm                                    0.0      181.7        0.0        0.0        0.0        0.0        0.0       -0.1        1.1       60.0      375.2       27.3        6.2                  50.1
   other                                90.2       75.4       26.4       16.9       23.8       12.2       28.6       64.7       35.5       57.0       75.4       19.4       44.7                  43.9
4MARK_R11_P7_C1_A1_S1_G1_NOLW
   total                               101.2      295.8       65.2       57.6       45.7       19.5       17.7       75.7       84.6      126.4      552.0       61.1       70.5                 121.0
   push/pop                              0.0       11.1        0.0       37.4        0.1        2.9        2.0       -0.2      -13.7        6.1       14.9        8.0        1.7                   5.4
   load/store                            1.0       17.8       27.0       -2.3       20.3        4.3        2.4        4.5       54.3       14.7       70.3        1.1       13.5                  17.6
   mov(w)                               10.0        9.9       11.8        5.6        1.5        0.1        2.9        6.8        7.4        9.8       16.1        5.2        4.4                   7.0
   vm                                    0.0      181.7        0.0        0.0        0.0        0.0        0.0       -0.1        1.1       60.0      375.2       27.3        6.2                  50.1
   other                                90.2       75.4       26.4       16.9       23.8       12.2       10.4       64.7       35.5       35.9       75.4       19.4       44.7                  40.8
4MARK_R11_P7_C1_A1_S1_G1
   total                               101.2       88.5       65.2       57.6       45.7       19.5       17.7       75.7       84.6       58.9      156.3       30.5       70.2                  67.0
   push/pop                              0.0       -2.8        0.0       37.4        0.1        2.9        2.0       -0.2      -13.7        2.5       20.4        5.6        1.7                   4.3
   load/store                            1.0       29.3       27.0       -2.3       20.3        4.3        2.4        4.5       54.3       17.1       72.0        2.7       13.5                  18.9
   mov(w)                               10.0        9.4       11.8        5.6        1.5        0.1        2.9        6.8        7.4        9.6       14.9        5.1        4.4                   6.9
   vm                                    0.0        0.0        0.0        0.0        0.0        0.0        0.0       -0.1        1.1        0.8       13.2        0.0        4.4                   1.5
   other                                90.2       52.5       26.4       16.9       23.8       12.2       10.4       64.7       35.5       28.8       35.7       17.0       46.1                  35.4

