Updated 20180305

PERF OVERHEAD           cyc (%C)   cyc (%C)   cyc (%C)   cyc (%C)   cyc (%C)   cyc (%C)   cyc (%C)   cyc (%C)   cyc (%C)   cyc (%C)   cyc (%C)   cyc (%C)   cyc (%C)                      
BENCHMARK x              bsort16    hsort16  binsrch16      xxtea        md5        rc5      fft16 outlier16u        lec     coremk  motetrack heat_calib heat_detect                      
0BASE_R___P__C0_A0_S0_G1
   total                   663.9      496.3      475.8      250.4      226.4      124.3      122.8      492.5      272.6      348.9      403.5      181.7      202.2                 327.8
   push/pop                266.9      203.6      202.2      166.4      105.3       61.9       57.2      205.5      105.6      124.7      145.5       81.3       78.4                 138.8
   load/store              240.3      183.0      191.0       42.5       43.9       28.5       25.2      190.4      111.7       90.5      173.2       68.5       43.5                 110.2
   mov(w)                   23.3       14.1        4.5        3.9        2.6       -1.2        4.2        8.0        5.1        5.1       16.3       -3.1        9.5                   7.1
   vm+other                133.5       95.5       78.1       37.7       74.6       35.1       36.2       88.7       50.1      128.6       68.5       35.0       70.9                  71.7
1PEEP_R___P__C0_A0_S0_G1
   total                   430.4      338.6      326.4      190.1      178.2      101.2       86.3      305.6      218.4      290.6      342.4      146.5      147.7                 238.6
   push/pop                  0.0       25.0       31.5      100.2       51.4       36.4       16.0        0.7       45.1       59.2       75.8       43.1       17.0                  38.6
   load/store              240.3      183.0      191.0       42.5       43.9       28.5       25.2      190.4      111.7       90.5      173.2       68.5       43.5                 110.2
   mov(w)                   56.6       36.5       25.8        9.7        8.3        1.3        8.8       29.3       11.4       12.4       24.9       -0.1       16.9                  18.6
   vm+other                133.5       94.1       78.1       37.7       74.6       35.1       36.2       85.3       50.1      128.5       68.4       35.0       70.3                  71.3
2SMPL_R11_P__C0_A0_S0_G1
   total                   390.4      282.6      269.1       91.7      120.2       61.4       70.1      277.8      150.7      248.5      279.9      104.3      122.9                 190.0
   push/pop                  0.0       -2.8        0.0        7.6        0.0        0.0        4.0       -0.2      -13.7       21.7       20.5        6.0        0.9                   3.4
   load/store              240.3      183.0      191.0       42.5       43.9       28.5       25.2      190.4      111.7       90.5      173.2       68.5       43.5                 110.2
   mov(w)                   16.6        8.2        0.0        3.8        1.7       -2.1        4.6        2.4        2.5        8.1       17.8       -4.4        8.2                   5.2
   vm+other                133.5       94.1       78.1       37.7       74.6       35.1       36.2       85.3       50.1      128.2       68.4       34.2       70.3                  71.2
3POPD_R11_P__C0_A0_S0_G1
   total                   257.3      189.3      201.7       84.9      107.3       52.6       59.4      226.8      121.9      222.7      231.6       88.8      111.3                 150.4
   push/pop                  0.0       -2.8        0.0        7.6        0.0        0.0        4.0       -0.2      -13.7       13.2       20.4        4.8        0.9                   2.6
   load/store              107.2       90.7      128.1       36.6       31.9       20.0       15.2      139.3       83.0       73.5      125.4       54.1       34.7                  72.3
   mov(w)                   16.6        8.2        0.0        2.9        1.2       -2.4        4.0        2.4        2.5        8.1       17.7       -4.3        7.2                   4.9
   vm+other                133.5       93.2       73.6       37.7       74.2       35.0       36.2       85.3       50.1      127.9       68.1       34.2       68.5                  70.6
4MARK_R11_P6_C0_A0_S0_G1
   total                   154.4      137.8      116.3       89.9       96.4       44.6       51.5      111.9      103.9      182.7      176.0       49.4       87.1                 107.8
   push/pop                  0.0       -2.8        0.0       45.0        0.1        5.0        6.0       -0.2       -9.7       21.8       20.4        6.8        1.6                   7.2
   load/store                1.0       29.3       27.0       -0.4       20.4        4.7        3.4       14.4       54.3       18.5       72.4        2.7       14.5                  20.2
   mov(w)                   23.3       18.0       15.7        7.6        1.4       -0.2        5.9       12.5        9.2       14.4       19.4        5.6        5.9                  10.7
   vm+other                130.1       93.2       73.6       37.7       74.6       35.1       36.2       85.3       50.1      128.0       63.8       34.2       65.1                  69.8
4MARK_R11_P6_C1_A0_S0_G1
   total                   154.4      123.3       80.9       71.5       51.2       23.7       47.7      111.9       94.3      172.6      176.0       32.2       83.0                  94.1
   push/pop                  0.0       -2.8        0.0       41.3        0.1        5.0        6.0       -0.2       -9.7       21.8       20.4        6.8        1.6                   6.9
   load/store                1.0       29.3       27.0       -0.4       20.4        4.3        3.4       14.4       54.3       18.5       72.4        2.7       14.5                  20.1
   mov(w)                   23.3       18.0       15.7        7.5        2.6        0.5        5.9       12.5        9.2       14.5       19.4        5.6        5.8                  10.8
   vm+other                130.1       78.8       38.2       23.1       28.1       13.8       32.5       85.2       40.5      117.8       63.8       17.0       61.1                  56.2
4MARK_R11_P7_C1_A1_S0_G1
   total                   101.2       88.5       65.2       57.6       45.7       19.5       44.9       75.7       84.6      133.5      156.3       30.5       73.4                  75.1
   push/pop                  0.0       -2.8        0.0       37.4        0.1        2.9       10.1       -0.2      -13.7       18.2       20.4        5.6        2.0                   6.2
   load/store                1.0       29.3       27.0       -2.3       20.3        4.3        2.4        4.5       54.3       16.9       72.0        2.7       14.5                  19.0
   mov(w)                   10.0        9.4       11.8        5.6        1.5        0.1        3.9        6.8        7.4       10.4       14.9        5.1        3.8                   7.0
   vm+other                 90.2       52.5       26.4       16.9       23.8       12.2       28.6       64.6       36.7       87.9       49.0       17.0       53.1                  43.0
4MARK_R11_P7_C1_A1_S1_G1
   total                   101.2       88.5       65.2       57.6       45.7       19.5       17.7       75.7       84.6       97.0      156.3       30.5       73.4                  70.2
   push/pop                  0.0       -2.8        0.0       37.4        0.1        2.9        2.0       -0.2      -13.7        3.6       20.4        5.6        2.0                   4.4
   load/store                1.0       29.3       27.0       -2.3       20.3        4.3        2.4        4.5       54.3       16.9       72.0        2.7       14.5                  19.0
   mov(w)                   10.0        9.4       11.8        5.6        1.5        0.1        2.9        6.8        7.4        9.6       14.9        5.1        3.8                   6.8
   vm+other                 90.2       52.5       26.4       16.9       23.8       12.2       10.4       64.6       36.7       66.8       49.0       17.0       53.1                  40.0
