Updated 20180410

BENCHMARK x                        bsort16    hsort16  binsrch16      xxtea        md5        rc5      fft16 outlier16u        lec     coremk  motetrack heat_calib heat_detect                      
0BASE_R___P__C0_A0_S0_G1_NOLW_BASE     648       1186        450       2842      25160       3088       2518       1582       1604      15894      13868       2454      17920                6862.6
0BASE_R___P__C0_A0_S0_G1_NOLW          418       1012        412       3792      29502       4090       2576       1402       1628      13982      12784       2454      17248                7023.1
1PEEP_R___P__C0_A0_S0_G1_NOLW          338        854        346       3240      24824       3522       2160       1106       1438      12470      11716       2188      14610                6062.5
2SMPL_R11_P__C0_A0_S0_G1_NOLW          308        776        310       2384      16754       2510       1890        990       1216      10782      10672       1944      12582                4855.2
3POPD_R11_P__C0_A0_S0_G1_NOLW          288        688        300       2294      14978       2340       1716        970       1112      10170       9630       1786      11490                4443.2
4MARK_R11_P6_C0_A0_S0_G1_NOLW          290        688        332       2380      14872       2316       1662        908       1126      10082       9290       1762      10886                4353.4
4MARK_R11_P6_C1_A0_S0_G1_NOLW          290        670        322       2404      15136       2170       1602        898       1116       9986       9290       1728      10878                4345.4
4MARK_R11_P7_C1_A1_S0_G1_NOLW          258        602        310       2236      14654       2018       1452        800       1056       9538       8628       1686      10312                4119.2
4MARK_R11_P7_C1_A1_S1_G1_NOLW          258        602        310       2236      14654       2018       1324        800       1056       9328       8628       1686      10312                4093.2
4MARK_R11_P7_C1_A1_S1_G1               258        596        310       2236      14654       2018       1324        800       1056       8990       8478       1610      10346                4052.0

