Updated 20180305

SIZE OVERHEAD            byt (%C)  byt (%C)   byt (%C)   byt (%C)   byt (%C)   byt (%C)   byt (%C)   byt (%C)   byt (%C)   byt (%C)   byt (%C)   byt (%C)    byt (%C)                      
BENCHMARK x              bsort16    hsort16  binsrch16      xxtea        md5        rc5      fft16 outlier16u        lec     coremk  motetrack heat_calib heat_detect                      
0BASE_R___P__C0_A0_S0_G1
   total                   254.2      235.6      182.2      163.0      211.9      349.5       99.4      268.9      190.7      125.1      225.8       27.3      239.5                 197.9
   push/pop                 71.2       85.9       60.3      103.7      133.3      165.3       52.6       86.3       63.6       57.3       74.6       35.0       95.1                  83.4
   load/store               88.1       79.2       74.0       28.4       56.7       67.9       19.7      101.1       72.9       45.4       69.9       23.5       56.4                  60.2
   mov(w)                   10.2        8.1        4.1        2.6       -1.0        2.2        4.3        4.7        5.7       -3.7       19.0      -14.5       15.1                   4.4
   other                    84.7       62.4       43.8       28.2       22.9      114.1       22.8       76.8       48.6       26.0       62.2      -16.7       72.8                  49.9
1PEEP_R___P__C0_A0_S0_G1
   total                   186.4      182.6      137.0      124.7      162.5      287.0       67.2      191.1      156.8      100.2      197.6       13.6      188.5                 153.5
   push/pop                -16.9       16.1        0.0       57.1       70.8       88.4       10.5      -12.6       20.7       25.7       37.6       17.7       28.6                  26.4
   load/store               88.1       79.2       74.0       28.4       56.7       67.9       19.7      101.1       72.9       45.4       69.9       23.5       56.4                  60.2
   mov(w)                   30.5       25.5       19.2       11.0       12.0       16.7       14.2       27.4       14.6        3.2       27.9      -10.9       30.9                  17.1
   other                    84.7       61.7       43.8       28.2       22.9      114.1       22.8       75.3       48.6       25.9       62.2      -16.7       72.5                  49.7
2SMPL_R11_P__C0_A0_S0_G1
   total                   161.0      153.7      112.3       65.3       77.1      175.8       46.3      160.5      117.1       72.8      170.7       -2.7      145.1                 111.9
   push/pop                -16.9        8.1       -5.5        5.5       -0.3       -2.6        1.9      -16.8       -7.9        3.4       17.3        3.5       -3.4                  -1.1
   load/store               88.1       79.2       74.0       28.4       56.7       67.9       19.7      101.1       72.9       45.4       69.9       23.5       56.4                  60.2
   mov(w)                    5.1        4.7        0.0        3.2       -2.2       -3.5        2.0        1.1        3.6       -1.5       21.3      -12.9       20.0                   3.1
   other                    84.7       61.7       43.8       28.2       22.9      114.1       22.8       75.3       48.6       25.5       62.1      -16.8       72.0                  49.6
3POPD_R11_P__C0_A0_S0_G1
   total                   144.1      116.1      105.5       59.1       58.4      157.1       32.8      155.3       98.6       61.6      142.3      -10.8      125.1                  95.8
   push/pop                  3.4        8.1        0.0        5.5       -0.2       -0.9        1.9       -4.2       -7.9        2.8       14.2        2.3       -2.8                   1.7
   load/store               54.2       47.0       63.0       22.9       40.7       49.5        6.7       83.2       53.6       35.4       50.5       16.7       43.4                  43.6
   mov(w)                    5.1        4.7        0.0        2.8       -3.8       -4.6        1.9        1.1        4.3       -1.5       19.8      -13.0       16.9                   2.6
   other                    81.4       56.4       42.5       27.9       21.7      113.2       22.4       75.3       48.6       24.9       57.9      -16.8       67.5                  47.9
4MARK_R11_P6_C0_A0_S0_G1
   total                   145.8      126.2      127.4       65.0       57.2      154.5       28.6      138.9      101.1       63.1      133.7      -13.3      119.1                  95.9
   push/pop                 23.7       16.1       27.4       16.6        0.0        9.7        4.3       -2.1       -2.1        8.3       16.5        5.1       -2.0                   9.3
   load/store               33.9       41.6       49.3       15.4       37.3       27.9       -2.3       58.9       45.0       28.3       40.9        8.0       37.2                  32.4
   mov(w)                    8.5       12.1        8.2        5.1       -3.0        2.9        4.3        6.8        9.6        1.5       19.2       -9.7       17.2                   6.4
   other                    79.7       56.4       42.5       27.9       22.9      114.1       22.3       75.3       48.6       25.0       57.1      -16.8       66.7                  47.8
4MARK_R11_P6_C1_A0_S0_G1
   total                   145.8      122.8      120.5       66.7       60.0      138.5       24.0      136.3       99.3       61.6      133.7      -15.0      118.4                  93.3
   push/pop                 23.7       16.1       27.4       15.5        0.0        9.7        4.3       -2.1       -2.1        8.3       16.5        5.1       -2.0                   9.3
   load/store               33.9       41.6       49.3       15.4       37.4       25.3       -2.3       58.9       45.0       28.3       40.9        8.0       37.2                  32.2
   mov(w)                    8.5       12.1        8.2        4.9       -1.9       13.2        4.3        6.8        9.6        2.0       19.2       -9.8       17.2                   7.3
   other                    79.7       53.0       35.6       30.9       24.5       90.3       17.6       72.6       46.8       23.1       57.1      -18.4       66.0                  44.5
4MARK_R11_P7_C1_A1_S0_G1
   total                   118.6      100.0      112.3       55.1       54.9      121.8       12.4      110.5       88.6       54.1      117.1      -17.2      107.7                  79.7
   push/pop                 23.7       16.1       27.4       13.3        0.0        6.2        6.8       -2.1       -5.0        6.3       16.3        3.9        0.2                   8.7
   load/store               33.9       41.6       49.3       14.8       37.2       25.3       -2.6       57.9       45.0       28.3       40.9        8.0       37.2                  32.1
   mov(w)                    1.7        6.7        6.8        2.5       -2.4       11.9        0.5        1.1        7.1        0.0       15.4      -10.7       15.0                   4.3
   other                    59.3       35.6       28.8       24.4       20.1       78.5        7.7       53.7       41.4       19.5       44.5      -18.4       55.2                  34.6
4MARK_R11_P7_C1_A1_S1_G1
   total                   118.6      100.0      112.3       55.1       54.9      121.8        2.5      110.5       88.6       50.7      117.1      -17.2      107.7                  78.7
   push/pop                 23.7       16.1       27.4       13.3        0.0        6.2        1.9       -2.1       -5.0        4.2       16.3        3.9        0.2                   8.2
   load/store               33.9       41.6       49.3       14.8       37.2       25.3       -2.6       57.9       45.0       28.3       40.9        8.0       37.2                  32.1
   mov(w)                    1.7        6.7        6.8        2.5       -2.4       11.9       -0.8        1.1        7.1       -0.3       15.4      -10.7       15.0                   4.2
   other                    59.3       35.6       28.8       24.4       20.1       78.5        4.0       53.7       41.4       18.5       44.5      -18.4       55.2                  34.3
