Updated 20180305

BENCHMARK x              bsort16    hsort16  binsrch16      xxtea        md5        rc5      fft16 outlier16u        lec     coremk  motetrack heat_calib heat_detect                      
0BASE_R___P__C0_A0_S0_G1   254.2      235.6      182.2      163.0      211.9      349.5       99.4      268.9      190.7      125.1      225.8       27.3      239.5                 197.9
1PEEP_R___P__C0_A0_S0_G1   186.4      182.6      137.0      124.7      162.5      287.0       67.2      191.1      156.8      100.2      197.6       13.6      188.5                 153.5
2SMPL_R11_P__C0_A0_S0_G1   161.0      153.7      112.3       65.3       77.1      175.8       46.3      160.5      117.1       72.8      170.7       -2.7      145.1                 111.9
3POPD_R11_P__C0_A0_S0_G1   144.1      116.1      105.5       59.1       58.4      157.1       32.8      155.3       98.6       61.6      142.3      -10.8      125.1                  95.8
4MARK_R11_P6_C0_A0_S0_G1   145.8      126.2      127.4       65.0       57.2      154.5       28.6      138.9      101.1       63.1      133.7      -13.3      119.1                  95.9
4MARK_R11_P6_C1_A0_S0_G1   145.8      122.8      120.5       66.7       60.0      138.5       24.0      136.3       99.3       61.6      133.7      -15.0      118.4                  93.3
4MARK_R11_P7_C1_A1_S0_G1   118.6      100.0      112.3       55.1       54.9      121.8       12.4      110.5       88.6       54.1      117.1      -17.2      107.7                  79.7
4MARK_R11_P7_C1_A1_S1_G1   118.6      100.0      112.3       55.1       54.9      121.8        2.5      110.5       88.6       50.7      117.1      -17.2      107.7                  78.7
