Updated 20180409

BENCHMARK x                        bsort16    hsort16  binsrch16      xxtea        md5        rc5      fft16 outlier16u        lec coremk_ch2  motetrack heat_calib heat_detect                      
0BASE_R___P__C0_A0_S0_G1_NOLW_BASE     648       1186        450       2842      25160       3088       2518       1582       1604      15894      13868       2454       17920                6862.6
0BASE_R___P__C0_A0_S0_G1_NOLW          418       1012        412       3792      29502       4090       2576       1402       1628      13982      12784       2454       17248                7023.1
0BASE_R___P__C0_A0_S0_G1               418       1000        412       3792      29502       4090       2576       1402       1628      13670      12724       2474       17300                6999.1
1PEEP_R___P__C0_A0_S0_G1               338        842        346       3240      24824       3522       2160       1106       1438      12158      11626       2208       14660                6036.0
2SMPL_R11_P__C0_A0_S0_G1               308        756        310       2384      16754       2510       1890        990       1216      10402      10572       1892       12616                4815.4
3POPD_R11_P__C0_A0_S0_G1               288        644        300       2294      14978       2340       1716        970       1112       9704       9466       1734       11524                4390.0
4MARK_R11_P6_C0_A0_S0_G1               290        674        332       2380      14872       2316       1662        908       1126       9756       9128       1686       10920                4311.5
4MARK_R11_P6_C1_A0_S0_G1               290        664        322       2404      15136       2170       1602        898       1116       9662       9128       1652       10912                4304.3
4MARK_R11_P7_C1_A1_S0_G1               258        596        310       2236      14654       2018       1452        800       1056       9200       8478       1610       10346                4078.0
4MARK_R11_P7_C1_A1_S1_G1               258        596        310       2236      14654       2018       1324        800       1056       8990       8478       1610       10346                4052.0


