Updated 20180301

BENCHMARK x              bsort16    hsort16  binsrch16      xxtea        md5        rc5      fft16 outlier16u        lec     coremk  motetrack heat_calib heat_detect                      
0BASE_R___P__C0_A0_S0_G1     418       1000        412       3792      29502       4090       2576       1402       1666      13622      12724       2474      17972                7050.0
1PEEP_R___P__C0_A0_S0_G1     338        842        346       3240      24824       3522       2160       1106       1464      12128      11626       2208      15272                6082.8
2SMPL_R11_P__C0_A0_S0_G1     308        756        310       2384      16754       2510       1890        990       1238      10490      10572       1892      12976                4851.5
3POPD_R11_P__C0_A0_S0_G1     288        644        300       2294      14978       2340       1716        970       1130       9810       9466       1734      11916                4429.7
4MARK_R11_P6_C0_A0_S0_G1     290        674        332       2380      14872       2316       1662        908       1144       9918       9128       1686      11600                4377.7
4MARK_R11_P6_C1_A0_S0_G1     290        664        322       2404      15136       2170       1602        898       1134       9850       9128       1652      11562                4370.2
4MARK_R11_P7_C1_A1_S0_G1     258        596        310       2236      14654       2018       1452        800       1074       9392       8478       1610      10994                4144.0
4MARK_R11_P7_C1_A1_S1_G1     258        596        310       2236      14654       2018       1324        800       1074       9182       8478       1610      10994                4118.0
