Updated 20180409

PERF OVERHEAD                      cyc (%C)   cyc (%C)   cyc (%C)   cyc (%C)   cyc (%C)   cyc (%C)   cyc (%C)   cyc (%C)   cyc (%C)   cyc (%C)   cyc (%C)   cyc (%C)   cyc (%C)                      
BENCHMARK x                         bsort16    hsort16  binsrch16      xxtea        md5        rc5      fft16 outlier16u        lec coremk_ch2  motetrack heat_calib heat_detect                      
0BASE_R___P__C0_A0_S0_G1_NOLW_BASE
   total                             1277.1     1927.2     1319.4      714.5      470.6      409.9      437.8      549.0      885.3      809.7     1018.7      210.2      203.9                 787.2
   push/pop                           640.1      356.7      233.7      197.2      115.7       70.1       66.6      207.2      106.6      220.4      166.5       80.9       78.8                 195.4
   load/store                         360.1      197.4      175.3       67.0       46.7       33.2       29.3      190.3      110.7      136.8      218.2       67.6       43.8                 129.0
   mov(w)                              10.0       41.1        8.4        6.6        3.6        0.1        5.2       21.5        5.1        5.5       38.6       -3.0        9.5                  11.7
   vm                                   0.0     1000.6        0.0      361.1      200.4      238.7      260.0       -0.1      292.2      212.9      375.4       27.3        6.2                 228.8
   other                              266.9      331.4      902.1       82.8      104.0       67.8       76.8      130.1      370.6      234.2      220.0       37.4       65.6                 222.3
0BASE_R___P__C0_A0_S0_G1_NOLW
   total                              663.9      693.2      475.8      250.4      226.4      124.3      122.8      492.5      272.6      376.0      790.8      210.2      205.6                 377.3
   push/pop                           266.9      200.8      202.2      166.4      105.3       61.9       57.2      205.5      105.6      123.8      137.7       80.9       77.5                 137.8
   load/store                         240.3      177.5      191.0       42.5       43.9       28.5       25.2      190.4      111.7       89.2      165.3       67.6       47.6                 109.3
   mov(w)                              23.3       14.8        4.5        3.9        2.6       -1.2        4.2        8.0        5.1        5.3       17.6       -3.0       10.9                   7.4
   vm                                   0.0      181.7        0.0        0.0        0.0        0.0        0.0       -0.1        1.1       60.0      375.4       27.3        6.2                  50.1
   other                              133.5      118.4       78.1       37.7       74.6       35.1       36.2       88.8       49.0       97.7       94.8       37.4       63.4                  72.7
0BASE_R___P__C0_A0_S0_G1
   total                              663.9      496.3      475.8      250.4      226.4      124.3      122.8      492.5      272.6      312.2      403.5      181.7      205.2                 325.2
   push/pop                           266.9      203.6      202.2      166.4      105.3       61.9       57.2      205.5      105.6      124.5      145.5       81.3       77.5                 138.7
   load/store                         240.3      183.0      191.0       42.5       43.9       28.5       25.2      190.4      111.7       91.2      173.2       68.5       47.6                 110.5
   mov(w)                              23.3       14.1        4.5        3.9        2.6       -1.2        4.2        8.0        5.1        5.0       16.3       -3.1       10.9                   7.2
   vm                                   0.0        0.0        0.0        0.0        0.0        0.0        0.0       -0.1        1.1        0.8       13.4        0.0        4.4                   1.5
   other                              133.5       95.5       78.1       37.7       74.6       35.1       36.2       88.8       49.0       90.6       55.0       35.0       64.8                  67.2
1PEEP_R___P__C0_A0_S0_G1
   total                              430.4      338.6      326.4      190.1      178.2      101.2       86.3      305.6      218.4      253.9      342.4      146.5      150.8                 236.1
   push/pop                             0.0       25.0       31.5      100.2       51.4       36.4       16.0        0.7       45.1       59.0       75.8       43.1       16.3                  38.5
   load/store                         240.3      183.0      191.0       42.5       43.9       28.5       25.2      190.4      111.7       91.2      173.2       68.5       47.6                 110.5
   mov(w)                              56.6       36.5       25.8        9.7        8.3        1.3        8.8       29.3       11.4       12.4       24.9       -0.1       18.3                  18.7
   vm                                   0.0        0.0        0.0        0.0        0.0        0.0        0.0       -0.1        1.1        0.8       13.4        0.0        4.4                   1.5
   other                              133.5       94.1       78.1       37.7       74.6       35.1       36.2       85.3       49.0       90.6       55.0       35.0       64.2                  66.8
2SMPL_R11_P__C0_A0_S0_G1
   total                              390.4      282.6      269.1       91.7      120.2       61.4       70.1      277.8      150.7      211.0      279.9      104.3      126.5                 187.4
   push/pop                             0.0       -2.8        0.0        7.6        0.0        0.0        4.0       -0.2      -13.7       20.7       20.5        6.0        0.6                   3.3
   load/store                         240.3      183.0      191.0       42.5       43.9       28.5       25.2      190.4      111.7       91.2      173.2       68.5       47.6                 110.5
   mov(w)                              16.6        8.2        0.0        3.8        1.7       -2.1        4.6        2.4        2.5        8.0       17.8       -4.4        9.8                   5.3
   vm                                   0.0        0.0        0.0        0.0        0.0        0.0        0.0       -0.1        1.1        0.8       13.4        0.0        4.4                   1.5
   other                              133.5       94.1       78.1       37.7       74.6       35.1       36.2       85.3       49.0       90.3       55.0       34.2       64.1                  66.7
3POPD_R11_P__C0_A0_S0_G1
   total                              257.3      189.3      201.7       84.9      107.3       52.6       59.4      226.8      121.9      184.9      231.6       88.8      111.1                 147.5
   push/pop                             0.0       -2.8        0.0        7.6        0.0        0.0        4.0       -0.2      -13.7       12.3       20.4        4.8        0.7                   2.5
   load/store                         107.2       90.7      128.1       36.6       31.9       20.0       15.2      139.3       83.0       73.9      125.4       54.1       37.1                  72.5
   mov(w)                              16.6        8.2        0.0        2.9        1.2       -2.4        4.0        2.4        2.5        8.0       17.7       -4.3        8.0                   5.0
   vm                                   0.0        0.0        0.0        0.0        0.0        0.0        0.0       -0.1        1.1        0.8       13.4        0.0        4.4                   1.5
   other                              133.5       93.2       73.6       37.7       74.2       35.0       36.2       85.3       49.0       90.0       54.8       34.2       60.9                  66.0
4MARK_R11_P6_C0_A0_S0_G1
   total                              154.4      137.8      116.3       89.9       96.4       44.6       51.5      111.9      103.9      144.8      176.0       49.4       82.4                 104.6
   push/pop                             0.0       -2.8        0.0       45.0        0.1        5.0        6.0       -0.2       -9.7       20.7       20.4        6.8        3.3                   7.3
   load/store                           1.0       29.3       27.0       -0.4       20.4        4.7        3.4       14.4       54.3       19.0       72.4        2.7       13.8                  20.2
   mov(w)                              23.3       18.0       15.7        7.6        1.4       -0.2        5.9       12.5        9.2       14.3       19.4        5.6        6.1                  10.7
   vm                                   0.0        0.0        0.0        0.0        0.0        0.0        0.0       -0.1        1.1        0.8       13.3        0.0        4.4                   1.5
   other                              130.1       93.2       73.6       37.7       74.6       35.1       36.2       85.3       49.0       90.0       50.5       34.2       54.8                  64.9
4MARK_R11_P6_C1_A0_S0_G1
   total                              154.4      123.3       80.9       71.5       51.2       23.7       47.7      111.9       94.3      134.8      176.0       32.2       79.2                  90.9
   push/pop                             0.0       -2.8        0.0       41.3        0.1        5.0        6.0       -0.2       -9.7       20.7       20.4        6.8        2.6                   6.9
   load/store                           1.0       29.3       27.0       -0.4       20.4        4.3        3.4       14.4       54.3       18.9       72.4        2.7       13.8                  20.1
   mov(w)                              23.3       18.0       15.7        7.5        2.6        0.5        5.9       12.5        9.2       14.4       19.4        5.6        6.1                  10.8
   vm                                   0.0        0.0        0.0        0.0        0.0        0.0        0.0       -0.1        1.1        0.8       13.3        0.0        4.4                   1.5
   other                              130.1       78.8       38.2       23.1       28.1       13.8       32.5       85.3       39.4       79.9       50.5       17.0       52.1                  51.4
4MARK_R11_P7_C1_A1_S0_G1
   total                              101.2       88.5       65.2       57.6       45.7       19.5       44.9       75.7       84.6       95.5      156.3       30.5       70.2                  72.0
   push/pop                             0.0       -2.8        0.0       37.4        0.1        2.9       10.1       -0.2      -13.7       17.2       20.4        5.6        1.7                   6.1
   load/store                           1.0       29.3       27.0       -2.3       20.3        4.3        2.4        4.5       54.3       17.1       72.0        2.7       13.5                  18.9
   mov(w)                              10.0        9.4       11.8        5.6        1.5        0.1        3.9        6.8        7.4       10.4       14.9        5.1        4.4                   7.0
   vm                                   0.0        0.0        0.0        0.0        0.0        0.0        0.0       -0.1        1.1        0.8       13.2        0.0        4.4                   1.5
   other                               90.2       52.5       26.4       16.9       23.8       12.2       28.6       64.7       35.5       50.0       35.7       17.0       46.1                  38.4
4MARK_R11_P7_C1_A1_S1_G1
   total                              101.2       88.5       65.2       57.6       45.7       19.5       17.7       75.7       84.6       58.9      156.3       30.5       70.2                  67.0
   push/pop                             0.0       -2.8        0.0       37.4        0.1        2.9        2.0       -0.2      -13.7        2.5       20.4        5.6        1.7                   4.3
   load/store                           1.0       29.3       27.0       -2.3       20.3        4.3        2.4        4.5       54.3       17.1       72.0        2.7       13.5                  18.9
   mov(w)                              10.0        9.4       11.8        5.6        1.5        0.1        2.9        6.8        7.4        9.6       14.9        5.1        4.4                   6.9
   vm                                   0.0        0.0        0.0        0.0        0.0        0.0        0.0       -0.1        1.1        0.8       13.2        0.0        4.4                   1.5
   other                               90.2       52.5       26.4       16.9       23.8       12.2       10.4       64.7       35.5       28.8       35.7       17.0       46.1                  35.4
