PERF OVERHEAD            cyc (%C)   cyc (%C)   cyc (%C)   cyc (%C)   cyc (%C)   cyc (%C)   cyc (%C)   cyc (%C)   cyc (%C)   cyc (%C)   cyc (%C)   cyc (%C)   cyc (%C)                      
BENCHMARK x               bsort16    hsort16  binsrch16      xxtea        md5        rc5      fft16 outlier16u        lec     coremk  motetrack heat_calib heat_detect                      
4MARK_R04_P0_C1_A1_S1_G1
   total                    244.0      166.1      171.3       99.7       67.4       49.3       31.6      204.0      120.6      158.2      205.3       92.4      101.1                 131.6
   push/pop                   0.0       -2.8        0.0       46.2        7.8       11.8        2.0       -0.2       -5.6        9.9       19.9       21.2        3.5                   8.7
   load/store               147.0      113.3      143.8       36.6       33.4       25.8       18.4      143.9       90.6       76.1       96.4       58.8       35.9                  78.5
   mov(w)                     3.4        2.6        1.1        0.1        2.4       -0.5        1.3       -4.3        1.3        5.7        7.5       -4.7        5.4                   1.6
   vm+other                  93.6       53.0       26.4       16.9       23.8       12.2        9.9       64.6       34.3       66.5       81.6       17.0       56.3                  42.8
4MARK_R05_P1_C1_A1_S1_G1
   total                    187.6      130.3      148.3       94.8       59.4       46.9       29.3      186.8      107.2      139.0      197.9       84.5       88.8                 115.4
   push/pop                   0.0       -2.8        0.0       45.8        5.0       11.5        2.0       -0.2       -7.6       11.4       19.9       13.6        3.5                   7.9
   load/store                93.9       75.9      116.9       31.1       27.8       23.5       15.8      122.1       76.1       52.6       89.0       58.4       27.0                  62.3
   mov(w)                     3.4        4.9        5.1        1.0        2.8       -0.3        1.6        0.3        4.5        8.5        7.5       -4.5        4.4                   3.0
   vm+other                  90.2       52.3       26.4       16.9       23.8       12.2        9.9       64.6       34.3       66.5       81.6       17.0       53.9                  42.3
4MARK_R06_P2_C1_A1_S1_G1
   total                    160.9      120.2      120.8       92.1       53.9       39.2       24.1      168.3       96.7      127.3      182.7       54.6       79.0                 101.5
   push/pop                   0.0       -2.8        0.0       45.5        2.9       10.1        2.0       -0.2       -9.6       11.4       19.8        5.6        2.9                   6.7
   load/store                67.3       65.6       85.4       29.3       24.3       17.0        9.9      101.3       65.8       39.0       80.2       32.7       18.4                  48.9
   mov(w)                     3.4        5.1        9.0        0.5        2.8       -0.1        2.3        2.5        6.3       10.4        5.3       -0.8        4.2                   3.9
   vm+other                  90.2       52.3       26.4       16.9       23.8       12.2        9.9       64.6       34.3       66.5       77.3       17.0       53.4                  41.9
4MARK_R07_P3_C1_A1_S1_G1
   total                    134.5      112.2      104.5       81.6       49.8       36.9       21.9      138.7       91.6      119.1      174.4       54.2       77.0                  92.0
   push/pop                   0.0       -2.8        0.0       45.3        1.5       10.1        2.0       -0.2      -11.7       11.3       19.8        5.6        2.9                   6.4
   load/store                40.9       55.7       69.7       16.1       22.2       14.9        7.0       70.7       62.8       31.4       70.1       32.3       16.8                  39.3
   mov(w)                     3.4        6.8        8.4        3.3        2.2       -0.4        2.9        3.6        6.2        9.8        7.2       -0.8        4.0                   4.4
   vm+other                  90.2       52.5       26.4       16.9       23.8       12.2        9.9       64.6       34.3       66.5       77.3       17.0       53.3                  41.9
4MARK_R08_P4_C1_A1_S1_G1
   total                    124.5       97.7       90.5       79.3       46.9       29.2       21.0      123.6       87.3      109.8      170.2       37.6       75.6                  84.1
   push/pop                   0.0       -2.8        0.0       45.2        0.1        8.6        2.0       -0.2      -13.7        8.5       19.8        5.6        2.9                   5.8
   load/store                27.6       40.0       56.2       14.3       21.4        7.8        6.0       53.4       59.8       25.0       64.8       10.4       15.7                  31.0
   mov(w)                     6.6        8.0        7.9        2.8        1.6        0.6        3.0        5.7        6.9        9.9        8.4        4.6        3.8                   5.4
   vm+other                  90.2       52.5       26.4       16.9       23.8       12.2        9.9       64.6       34.3       66.4       77.2       17.0       53.2                  41.9
4MARK_R09_P5_C1_A1_S1_G1
   total                    114.5       93.5       78.7       65.3       45.7       26.7       19.6      106.5       87.3      107.1      165.4       37.2       74.5                  78.6
   push/pop                   0.0       -2.8        0.0       41.4        0.1        8.6        2.0       -0.2      -13.7        8.4       19.8        5.6        2.9                   5.5
   load/store                14.3       34.3       40.5        1.4       20.3        5.7        4.7       36.4       59.8       22.4       60.0        9.9       14.8                  25.0
   mov(w)                    10.0        9.4       11.8        5.6        1.5        0.1        2.9        5.6        6.9       10.0        8.4        4.6        3.7                   6.2
   vm+other                  90.2       52.5       26.4       16.9       23.8       12.2        9.9       64.6       34.3       66.4       77.2       17.0       53.1                  41.9
4MARK_R10_P6_C1_A1_S1_G1
   total                    101.2       88.5       65.2       63.4       45.7       22.4       18.5       84.5       86.5       99.7      165.5       30.6       74.3                  72.8
   push/pop                   0.0       -2.8        0.0       41.3        0.1        5.8        2.0       -0.2      -13.7        4.5       19.8        5.6        2.8                   5.0
   load/store                 1.0       29.3       27.0       -0.4       20.3        4.3        3.9       14.4       57.9       19.1       60.0        2.7       14.5                  19.5
   mov(w)                    10.0        9.4       11.8        5.6        1.5        0.1        2.7        5.6        7.9        9.7        8.5        5.2        3.8                   6.3
   vm+other                  90.2       52.5       26.4       16.9       23.8       12.2        9.9       64.6       34.3       66.4       77.2       17.0       53.1                  41.9
4MARK_R11_P7_C1_A1_S1_G1
   total                    101.2       88.5       65.2       57.6       45.7       19.5       17.7       75.7       86.5       98.1      165.4       30.5       73.4                  71.2
   push/pop                   0.0       -2.8        0.0       37.4        0.1        2.9        2.0       -0.2      -13.7        4.4       19.8        5.6        2.0                   4.4
   load/store                 1.0       29.3       27.0       -2.3       20.3        4.3        2.8        4.5       57.9       17.6       60.0        2.7       14.5                  18.4
   mov(w)                    10.0        9.4       11.8        5.6        1.5        0.1        2.9        6.8        7.9        9.7        8.4        5.1        3.8                   6.4
   vm+other                  90.2       52.5       26.4       16.9       23.8       12.2        9.9       64.6       34.3       66.4       77.2       17.0       53.1                  41.9
